- OS: Windows-11-10.0.26200-SP0 10.0.26200
- Python: 3.12.2
- Stable-Baselines3: 2.7.0
- PyTorch: 2.5.1+cu121
- GPU Enabled: True
- Numpy: 1.26.4
- Cloudpickle: 3.1.1
- Gymnasium: 0.29.1
- OpenAI Gym: 0.23.1
